           A       B       C       D       E       F       G       H       I       J
  1        0       0       0       0       0       0       0       0       0       0
  2        0       0       0       0       0       0       0       0       0       0
  3        0       0       0       0       0       0       0       0       0       0
  4        0       0       0       0       0       0       0       0       0       0
  5        0       0       0       0       0       0       0       0       0       0
  6        0       0       0       0       0       0       0       0       0       0
  7        0       0       0       0       0       0       0       0       0       0
  8        0       0       0       0       0       0       0       0       0       0
  9        0       0       0       0       0       0       0       0       0       0
 10        0       0       0       0       0       0       0       0       0       0
[0.0] (ok) >            A       B       C       D       E       F       G       H       I       J
  1        0       0       0       0       0       0       0       0       0       0
  2        0       0       0       0       0       0       0       0       0       0
  3        0       0       0       0       0       0       0       0       0       0
  4        0       0       0       0       0       0       0       0       0       0
  5        0       0       0       0       0       0       0       0       0       0
  6        0       0       0       0       0       0       0       0       0       0
  7        0       0       0       0       0       0       0       0       0       0
  8        0       0       0       0       0       0       0       0       0       0
  9        0       0       0       0       0       0       0       0       0       0
 10        0       0       0       0       0       0       0       0       0       0
[0.0] (unrecognized cmd) >            A       B       C       D       E       F       G       H       I       J
  1        1       0       0       0       0       0       0       0       0       0
  2        0       0       0       0       0       0       0       0       0       0
  3        0       0       0       0       0       0       0       0       0       0
  4        0       0       0       0       0       0       0       0       0       0
  5        0       0       0       0       0       0       0       0       0       0
  6        0       0       0       0       0       0       0       0       0       0
  7        0       0       0       0       0       0       0       0       0       0
  8        0       0       0       0       0       0       0       0       0       0
  9        0       0       0       0       0       0       0       0       0       0
 10        0       0       0       0       0       0       0       0       0       0
[0.0] (ok) >            A       B       C       D       E       F       G       H       I       J
  1        1       1       0       0       0       0       0       0       0       0
  2        0       0       0       0       0       0       0       0       0       0
  3        0       0       0       0       0       0       0       0       0       0
  4        0       0       0       0       0       0       0       0       0       0
  5        0       0       0       0       0       0       0       0       0       0
  6        0       0       0       0       0       0       0       0       0       0
  7        0       0       0       0       0       0       0       0       0       0
  8        0       0       0       0       0       0       0       0       0       0
  9        0       0       0       0       0       0       0       0       0       0
 10        0       0       0       0       0       0       0       0       0       0
[1.0] (ok) >            A       B       C       D       E       F       G       H       I       J
  1        1       1       2       0       0       0       0       0       0       0
  2        0       0       0       0       0       0       0       0       0       0
  3        0       0       0       0       0       0       0       0       0       0
  4        0       0       0       0       0       0       0       0       0       0
  5        0       0       0       0       0       0       0       0       0       0
  6        0       0       0       0       0       0       0       0       0       0
  7        0       0       0       0       0       0       0       0       0       0
  8        0       0       0       0       0       0       0       0       0       0
  9        0       0       0       0       0       0       0       0       0       0
 10        0       0       0       0       0       0       0       0       0       0
[0.0] (ok) >            A       B       C       D       E       F       G       H       I       J
  1        1       1       2       2       0       0       0       0       0       0
  2        0       0       0       0       0       0       0       0       0       0
  3        0       0       0       0       0       0       0       0       0       0
  4        0       0       0       0       0       0       0       0       0       0
  5        0       0       0       0       0       0       0       0       0       0
  6        0       0       0       0       0       0       0       0       0       0
  7        0       0       0       0       0       0       0       0       0       0
  8        0       0       0       0       0       0       0       0       0       0
  9        0       0       0       0       0       0       0       0       0       0
 10        0       0       0       0       0       0       0       0       0       0
[2.0] (ok) >            A       B       C       D       E       F       G       H       I       J
  1        1       1       2       2       3       0       0       0       0       0
  2        0       0       0       0       0       0       0       0       0       0
  3        0       0       0       0       0       0       0       0       0       0
  4        0       0       0       0       0       0       0       0       0       0
  5        0       0       0       0       0       0       0       0       0       0
  6        0       0       0       0       0       0       0       0       0       0
  7        0       0       0       0       0       0       0       0       0       0
  8        0       0       0       0       0       0       0       0       0       0
  9        0       0       0       0       0       0       0       0       0       0
 10        0       0       0       0       0       0       0       0       0       0
[0.0] (ok) >            A       B       C       D       E       F       G       H       I       J
  1        1       1       2       2       3       0       0       0       0       0
  2        3       0       0       0       0       0       0       0       0       0
  3        0       0       0       0       0       0       0       0       0       0
  4        0       0       0       0       0       0       0       0       0       0
  5        0       0       0       0       0       0       0       0       0       0
  6        0       0       0       0       0       0       0       0       0       0
  7        0       0       0       0       0       0       0       0       0       0
  8        0       0       0       0       0       0       0       0       0       0
  9        0       0       0       0       0       0       0       0       0       0
 10        0       0       0       0       0       0       0       0       0       0
[3.0] (ok) >            A       B       C       D       E       F       G       H       I       J
  1        1       1       2       2       3       0       0       0       0       0
  2        3       4       0       0       0       0       0       0       0       0
  3        0       0       0       0       0       0       0       0       0       0
  4        0       0       0       0       0       0       0       0       0       0
  5        0       0       0       0       0       0       0       0       0       0
  6        0       0       0       0       0       0       0       0       0       0
  7        0       0       0       0       0       0       0       0       0       0
  8        0       0       0       0       0       0       0       0       0       0
  9        0       0       0       0       0       0       0       0       0       0
 10        0       0       0       0       0       0       0       0       0       0
[0.0] (ok) >            A       B       C       D       E       F       G       H       I       J
  1        3       3       4       4       5       0       0       0       0       0
  2        5       6       0       0       0       0       0       0       0       0
  3        0       0       0       0       0       0       0       0       0       0
  4        0       0       0       0       0       0       0       0       0       0
  5        0       0       0       0       0       0       0       0       0       0
  6        0       0       0       0       0       0       0       0       0       0
  7        0       0       0       0       0       0       0       0       0       0
  8        0       0       0       0       0       0       0       0       0       0
  9        0       0       0       0       0       0       0       0       0       0
 10        0       0       0       0       0       0       0       0       0       0
[12.0] (ok) > 